130
177
125
119
177
108
189
150
108
161
134
190
126
127
181
184
112
169
175
149
108
167
168
150
158
185
161
106
133
144
161
138
157
192
185
101
154
158
148
176
124
128
195
196
115
195
146
102
119
169
122
113
186
101
152
177
194
127
143
115
160
150
163
142
119
183
198
126
164
148
181
187
130
140
180
119
121
103
155
194
144
179
144
174
173
160
152
135
104
155
136
170
168
113
142
131
179
183
112
159
168
152
192
139
175
122
128
113
158
124
197
137
167
179
162
168
157
154
166
181
157
169
130
117
165
141
127
198
112
118
156
129
187
187
194
121
160
172
157
107
128
162
186
111
137
175
172
160
141
180
119
115
196
110
168
140
114
189
180
140
181
160
141
102
171
129
106
196
153
187
150
138
185
165
143
177
111
156
117
189
181
159
127
112
157
183
139
141
100
196
160
197
186
188
145
159
120
101
169
134
198
117
